396115
396307
396426
396546
396664
396784
396903
397060
397179
397298
398117
398236
398355
398475
398594
398752
398865
398979
399091
399205
399319
399431
399545
399697
399810
399924
400036
400650
400763
400876
400990
401141
494966
495080
495193
495306
495419
496733
496846
496987
497099
497213
513228
513341
513455
513567
513681
513873
514006
514137
514269
521401
524433
524565
524697
524828
524951
525064
525177
525290
525404
525516
525630
525744
525856
526068
526581
526695
526809
526921
527035
527148
527261
527375
527888
528002
528114
528228
528342
528454
528568
528982
529095
529208
529321
529434
529548
529661
529775
529888
530001
530115
530228
530341
530455
530568
530681
530794
530908
531021
531135
531248
531361
550677
550791
550903
569319
569433
569546
569659
